NewIN124715	Station:  LAFAYETTE 5 S IN	CLIGEN VER. 5.30000	ObservedYears:40	SIMULATEDYears:50	DataUnits:mm
CNvalue	CN000	CN030	CN031	CN032	CN033	CN034	CN035	CN036	CN037	CN038	CN039	CN040	CN041	CN042	CN043	CN044	CN045	CN046	CN047	CN048	CN049	CN050	CN051	CN052	CN053	CN054	CN055	CN056	CN057	CN058	CN059	CN060	CN061	CN062	CN063	CN064	CN065	CN066	CN067	CN068	CN069	CN070	CN071	CN072	CN073	CN074	CN075	CN076	CN077	CN078	CN079	CN080	CN081	CN082	CN083	CN084	CN085	CN086	CN087	CN088	CN089	CN090	CN091	CN092	CN093	CN094	CN095	CN096	CN097	CN098	CN099	CN100	
year001	    0.00    0.00    0.00    0.00    0.00    0.00    0.00    0.00    0.00    0.00    0.00    0.00    0.00    0.00    0.00    0.00    0.00    0.00    0.00    0.00    0.00    0.00    0.00    0.03    0.09    0.18    0.30    0.46    0.71    1.03    1.44    1.93    2.52    3.21    4.01    4.94    6.00    7.21    8.60   10.19   12.01   14.10   16.48   19.17   22.20   25.61   29.44   33.73   38.55   43.94   49.98   56.73   64.30   72.80   82.34   93.02  105.01  118.53  133.86  151.28  171.11  193.72  219.61  249.41  283.90  324.30  372.23  429.99  501.50  593.44  720.00    0.00
year002	    0.00    0.00    0.00    0.00    0.00    0.00    0.00    0.00    0.00    0.00    0.00    0.00    0.00    0.00    0.00    0.00    0.00    0.00    0.00    0.00    0.00    0.00    0.00    0.00    0.01    0.04    0.11    0.20    0.33    0.48    0.66    0.86    1.10    1.36    1.66    2.01    2.43    2.93    3.53    4.26    5.19    6.33    7.70    9.33   11.23   13.42   15.95   18.84   22.13   25.86   30.10   34.92   40.40   46.63   53.69   61.67   70.70   80.95   92.63  105.97  121.35  139.18  159.97  184.37  213.17  247.45  288.72  339.35  403.22  487.10  605.17    0.00
year003	    0.00    0.00    0.00    0.00    0.00    0.00    0.00    0.00    0.00    0.00    0.00    0.00    0.00    0.00    0.00    0.00    0.00    0.00    0.00    0.00    0.00    0.00    0.00    0.02    0.08    0.20    0.39    0.64    0.97    1.40    1.94    2.62    3.47    4.50    5.72    7.12    8.73   10.57   12.66   14.98   17.56   20.39   23.50   26.91   30.68   34.83   39.37   44.33   49.76   55.69   62.17   69.26   77.07   85.71   95.25  105.82  117.62  130.88  145.83  162.76  182.01  203.99  229.23  258.34  292.12  331.68  378.62  435.46  506.05  597.18  722.86    0.00
year004	    0.00    0.00    0.00    0.00    0.00    0.00    0.00    0.00    0.00    0.00    0.00    0.00    0.00    0.00    0.00    0.00    0.03    0.11    0.22    0.37    0.56    0.78    1.04    1.36    1.75    2.23    2.83    3.57    4.46    5.52    6.75    8.15    9.72   11.48   13.44   15.64   18.11   20.85   23.86   27.16   30.76   34.67   38.92   43.52   48.54   54.00   59.95   66.44   73.56   81.36   89.92   99.29  109.55  120.82  133.22  146.87  161.90  178.54  196.97  217.43  240.25  265.84  294.70  327.47  364.97  408.29  458.90  519.05  592.32  684.98  809.96    0.00
year005	    0.00    0.00    0.00    0.00    0.00    0.00    0.00    0.00    0.00    0.00    0.00    0.00    0.00    0.00    0.00    0.00    0.00    0.00    0.00    0.00    0.00    0.00    0.01    0.06    0.16    0.31    0.53    0.82    1.22    1.73    2.35    3.08    3.93    4.88    5.95    7.14    8.51   10.07   11.81   13.78   16.01   18.53   21.34   24.48   27.96   31.82   36.10   40.85   46.12   51.96   58.43   65.59   73.51   82.30   92.08  102.98  115.15  128.75  143.98  161.05  180.30  202.15  227.11  255.70  288.70  327.28  373.05  428.29  496.59  584.42  706.04    0.00
year006	    0.00    0.00    0.00    0.00    0.05    0.19    0.40    0.69    1.05    1.47    1.95    2.49    3.09    3.74    4.44    5.19    5.99    6.83    7.71    8.64    9.61   10.61   11.67   12.81   14.06   15.43   16.92   18.53   20.27   22.15   24.17   26.35   28.71   31.27   34.02   37.01   40.24   43.75   47.56   51.67   56.11   60.88   66.03   71.59   77.59   84.06   91.07   98.70  107.00  116.02  125.82  136.44  147.94  160.43  174.12  189.23  205.95  224.47  245.00  267.82  293.28  321.79  353.92  390.37  432.16  480.64  537.69  606.21  690.56  798.26  945.08    0.00
year007	    0.00    0.00    0.00    0.00    0.00    0.00    0.00    0.00    0.00    0.00    0.00    0.01    0.08    0.19    0.35    0.56    0.81    1.11    1.45    1.83    2.25    2.71    3.20    3.73    4.31    4.96    5.67    6.45    7.32    8.29    9.37   10.59   11.95   13.49   15.24   17.19   19.37   21.81   24.52   27.50   30.76   34.35   38.28   42.60   47.32   52.49   58.17   64.38   71.16   78.57   86.66   95.52  105.28  116.03  127.92  141.11  155.77  172.08  190.28  210.60  233.32  258.80  287.55  320.11  357.25  399.98  449.70  508.40  579.32  668.10  786.84    0.00
year008	    0.00    0.00    0.00    0.00    0.00    0.00    0.00    0.00    0.00    0.00    0.00    0.00    0.00    0.00    0.03    0.10    0.21    0.40    0.66    1.00    1.42    1.91    2.48    3.11    3.81    4.59    5.42    6.33    7.30    8.34    9.46   10.67   11.97   13.36   14.85   16.42   18.09   19.88   21.82   23.94   26.27   28.85   31.68   34.81   38.24   42.01   46.17   50.72   55.71   61.18   67.16   73.70   80.89   88.81   97.56  107.22  117.91  129.79  142.99  157.72  174.23  192.79  213.78  237.67  265.13  297.15  335.02  380.72  437.68  512.21  618.25    0.00
year009	    0.00    0.00    0.00    0.00    0.00    0.00    0.00    0.00    0.00    0.00    0.00    0.00    0.00    0.00    0.00    0.00    0.00    0.01    0.05    0.13    0.24    0.39    0.58    0.82    1.12    1.48    1.91    2.39    2.94    3.55    4.23    4.98    5.83    6.79    7.86    9.05   10.35   11.79   13.41   15.21   17.20   19.41   21.85   24.55   27.55   30.88   34.57   38.67   43.24   48.36   54.06   60.42   67.52   75.45   84.32   94.29  105.57  118.38  132.96  149.62  168.67  190.50  215.63  244.70  278.59  318.45  365.89  423.44  495.10  588.05  718.00    0.00
year010	    0.00    0.00    0.00    0.00    0.00    0.00    0.00    0.00    0.00    0.00    0.00    0.00    0.00    0.00    0.00    0.00    0.00    0.00    0.00    0.00    0.00    0.00    0.00    0.00    0.00    0.00    0.01    0.04    0.11    0.20    0.32    0.52    0.79    1.14    1.60    2.17    2.88    3.71    4.70    5.84    7.17    8.75   10.59   12.74   15.23   18.10   21.36   25.06   29.24   33.98   39.34   45.40   52.27   60.05   68.82   78.68   89.77  102.32  116.52  132.63  150.97  171.98  196.32  224.79  258.41  298.48  346.88  406.37  481.51  580.06  718.20    0.00
year011	    0.00    0.00    0.01    0.10    0.28    0.54    0.90    1.40    2.04    2.82    3.71    4.72    5.84    7.06    8.39    9.81   11.33   12.93   14.62   16.40   18.30   20.31   22.42   24.65   26.99   29.43   31.98   34.67   37.48   40.42   43.49   46.68   50.03   53.56   57.25   61.14   65.23   69.53   74.05   78.80   83.79   89.05   94.60  100.49  106.74  113.41  120.54  128.17  136.32  145.05  154.40  164.47  175.34  187.10  199.84  213.66  228.72  245.22  263.34  283.30  305.39  329.97  357.47  388.42  423.56  463.92  511.01  567.04  635.58  722.76  841.37    0.00
year012	    0.00    0.00    0.00    0.00    0.00    0.00    0.00    0.00    0.00    0.03    0.13    0.29    0.56    0.93    1.39    1.96    2.61    3.35    4.17    5.08    6.06    7.13    8.27    9.48   10.77   12.13   13.57   15.08   16.68   18.39   20.19   22.09   24.11   26.27   28.58   31.03   33.63   36.38   39.33   42.49   45.90   49.58   53.54   57.82   62.47   67.54   73.09   79.17   85.84   93.17  101.25  110.14  119.92  130.69  142.57  155.68  170.16  186.19  203.95  223.68  245.65  270.23  297.91  329.27  365.07  406.30  454.47  511.78  581.63  670.48  792.45    0.00
year013	    0.00    0.00    0.00    0.00    0.00    0.00    0.00    0.00    0.00    0.02    0.11    0.25    0.44    0.69    0.98    1.32    1.71    2.14    2.62    3.13    3.69    4.30    4.98    5.74    6.56    7.45    8.40    9.43   10.52   11.69   12.95   14.30   15.75   17.31   18.98   20.77   22.68   24.72   26.91   29.24   31.73   34.39   37.27   40.37   43.73   47.36   51.30   55.60   60.33   65.54   71.30   77.63   84.61   92.27  100.72  110.12  120.58  132.25  145.26  159.84  176.26  194.85  216.05  240.38  268.59  301.69  341.15  389.15  449.11  527.53  639.23    0.00
year014	    0.00    0.00    0.00    0.00    0.00    0.00    0.00    0.00    0.00    0.00    0.00    0.00    0.00    0.00    0.00    0.00    0.00    0.00    0.00    0.04    0.16    0.34    0.59    0.91    1.29    1.75    2.30    2.95    3.71    4.59    5.58    6.69    7.93    9.33   10.90   12.64   14.59   16.80   19.27   22.02   25.05   28.42   32.17   36.35   40.96   46.06   51.72   57.99   64.88   72.46   80.77   89.91   99.94  110.98  123.14  136.54  151.36  167.80  186.12  206.63  229.64  255.65  285.21  319.05  358.15  403.81  457.83  522.91  603.30  706.87  849.91    0.00
year015	    0.00    0.00    0.00    0.00    0.00    0.00    0.00    0.00    0.00    0.00    0.00    0.00    0.00    0.00    0.00    0.00    0.00    0.00    0.00    0.00    0.00    0.00    0.00    0.00    0.00    0.00    0.00    0.00    0.00    0.00    0.00    0.00    0.02    0.06    0.13    0.22    0.34    0.51    0.76    1.12    1.59    2.21    3.02    4.04    5.29    6.83    8.69   10.88   13.45   16.50   20.08   24.21   28.97   34.47   40.80   48.10   56.51   66.23   77.42   90.32  105.24  122.58  142.91  166.94  195.52  229.84  271.65  323.62  389.92  477.92  603.75    0.00
year016	    0.00    0.00    0.00    0.00    0.00    0.00    0.00    0.00    0.00    0.00    0.00    0.00    0.00    0.00    0.00    0.00    0.00    0.00    0.00    0.00    0.00    0.00    0.00    0.00    0.02    0.06    0.19    0.46    0.86    1.43    2.16    3.06    4.14    5.43    6.95    8.72   10.76   13.09   15.72   18.67   21.94   25.57   29.59   34.04   38.94   44.32   50.26   56.79   63.96   71.84   80.52   90.06  100.51  111.95  124.50  138.31  153.56  170.49  189.37  210.51  234.31  261.15  291.58  326.37  366.49  413.23  468.49  535.02  616.99  721.63  864.06    0.00
year017	    0.00    0.00    0.00    0.00    0.00    0.00    0.00    0.00    0.00    0.00    0.00    0.00    0.00    0.00    0.00    0.00    0.00    0.00    0.00    0.00    0.00    0.00    0.00    0.00    0.01    0.06    0.17    0.33    0.55    0.84    1.21    1.68    2.26    2.95    3.77    4.72    5.84    7.14    8.66   10.42   12.41   14.64   17.12   19.87   22.92   26.30   30.05   34.20   38.79   43.86   49.46   55.68   62.61   70.35   79.03   88.79   99.82  112.33  126.54  142.70  161.17  182.34  206.66  234.79  267.53  305.98  351.78  407.29  476.10  564.58  685.84    0.00
year018	    0.00    0.00    0.00    0.00    0.00    0.00    0.00    0.00    0.00    0.00    0.00    0.00    0.00    0.00    0.00    0.00    0.00    0.00    0.00    0.00    0.02    0.08    0.17    0.30    0.45    0.64    0.87    1.15    1.53    2.01    2.60    3.30    4.12    5.07    6.16    7.44    8.91   10.61   12.55   14.72   17.15   19.88   22.95   26.38   30.19   34.40   39.03   44.16   49.86   56.20   63.29   71.22   80.10   90.02  101.09  113.44  127.26  142.77  160.26  180.04  202.52  228.20  257.71  291.79  331.39  377.78  432.84  499.45  582.06  688.52  835.37    0.00
year019	    0.00    0.00    0.00    0.00    0.00    0.00    0.00    0.00    0.00    0.00    0.00    0.00    0.00    0.00    0.00    0.00    0.00    0.00    0.00    0.00    0.00    0.00    0.00    0.00    0.00    0.00    0.01    0.04    0.11    0.20    0.31    0.46    0.63    0.86    1.14    1.47    1.88    2.38    3.03    3.84    4.83    6.03    7.44    9.08   10.96   13.10   15.51   18.20   21.21   24.54   28.22   32.30   36.85   42.00   47.85   54.52   62.17   70.94   81.04   92.68  106.14  121.79  140.05  161.50  186.86  217.27  254.29  300.22  358.68  436.60  548.57    0.00
year020	    0.00    0.00    0.00    0.00    0.00    0.00    0.00    0.00    0.00    0.00    0.00    0.00    0.00    0.00    0.00    0.04    0.11    0.23    0.39    0.59    0.83    1.10    1.41    1.77    2.20    2.69    3.24    3.86    4.54    5.29    6.13    7.06    8.08    9.18   10.38   11.70   13.15   14.74   16.49   18.42   20.55   22.87   25.40   28.17   31.20   34.53   38.18   42.16   46.53   51.38   56.74   62.70   69.32   76.68   84.87   93.98  104.13  115.45  128.12  142.37  158.44  176.62  197.30  221.03  248.54  280.78  319.05  365.29  422.50  495.98  597.00    0.00
year021	    0.00    0.00    0.00    0.00    0.00    0.06    0.21    0.42    0.70    1.05    1.46    1.93    2.45    3.03    3.66    4.33    5.05    5.82    6.63    7.48    8.37    9.31   10.28   11.32   12.42   13.59   14.83   16.14   17.50   18.94   20.46   22.06   23.76   25.55   27.44   29.46   31.63   33.98   36.55   39.36   42.42   45.79   49.49   53.53   57.94   62.76   68.00   73.71   79.96   86.79   94.29  102.52  111.53  121.46  132.40  144.47  157.85  172.74  189.35  207.97  228.89  252.43  279.01  309.19  343.69  383.62  430.45  486.26  554.33  640.68  757.98    0.00
year022	    0.00    0.00    0.00    0.00    0.00    0.00    0.00    0.00    0.00    0.00    0.00    0.00    0.00    0.00    0.00    0.00    0.00    0.00    0.00    0.00    0.00    0.00    0.00    0.00    0.02    0.07    0.14    0.27    0.44    0.68    0.96    1.33    1.79    2.36    3.04    3.82    4.70    5.71    6.89    8.26    9.84   11.66   13.72   16.06   18.66   21.56   24.80   28.44   32.54   37.18   42.42   48.34   55.00   62.48   70.90   80.41   91.18  103.43  117.45  133.49  151.87  173.01  197.48  226.02  259.61  299.47  347.38  406.05  479.56  575.33  708.67    0.00
year023	    0.00    0.00    0.00    0.00    0.00    0.00    0.00    0.00    0.00    0.00    0.00    0.00    0.00    0.00    0.00    0.00    0.00    0.00    0.01    0.06    0.15    0.27    0.42    0.61    0.84    1.09    1.38    1.73    2.15    2.65    3.24    3.91    4.69    5.60    6.63    7.80    9.11   10.56   12.14   13.90   15.84   18.01   20.43   23.10   26.06   29.33   32.92   36.85   41.14   45.81   50.97   56.69   63.10   70.31   78.40   87.46   97.65  109.12  122.07  136.70  153.31  172.22  193.89  218.89  248.03  282.31  323.15  372.56  433.71  512.45  621.02    0.00
year024	    0.00    0.00    0.00    0.00    0.00    0.00    0.00    0.00    0.00    0.00    0.00    0.00    0.00    0.00    0.00    0.00    0.00    0.00    0.00    0.00    0.00    0.00    0.00    0.01    0.05    0.12    0.22    0.35    0.51    0.72    0.99    1.35    1.81    2.37    3.04    3.82    4.70    5.71    6.86    8.16    9.64   11.30   13.20   15.36   17.82   20.58   23.70   27.22   31.19   35.66   40.70   46.34   52.70   59.90   68.05   77.30   87.77   99.61  113.01  128.22  145.56  165.41  188.32  214.99  246.31  283.44  328.00  382.52  450.95  540.19  664.65    0.00
year025	    0.00    0.00    0.00    0.00    0.00    0.00    0.00    0.00    0.00    0.00    0.00    0.00    0.05    0.15    0.30    0.49    0.73    1.01    1.33    1.70    2.10    2.54    3.02    3.53    4.09    4.67    5.30    5.96    6.67    7.44    8.28    9.20   10.23   11.36   12.62   14.02   15.56   17.26   19.15   21.23   23.52   26.04   28.83   31.88   35.22   38.85   42.82   47.21   52.10   57.56   63.61   70.34   77.84   86.20   95.57  106.07  117.88  131.15  146.12  162.99  182.06  203.66  228.25  256.51  289.33  327.93  374.00  430.04  500.04  591.05  718.49    0.00
year026	    0.00    0.00    0.00    0.00    0.00    0.00    0.00    0.00    0.00    0.00    0.00    0.01    0.06    0.16    0.32    0.51    0.76    1.04    1.37    1.74    2.15    2.59    3.08    3.60    4.16    4.75    5.38    6.04    6.74    7.48    8.29    9.18   10.15   11.24   12.47   13.82   15.33   17.00   18.85   20.89   23.16   25.68   28.47   31.53   34.90   38.59   42.63   47.04   51.85   57.10   62.84   69.12   76.02   83.64   92.11  101.50  111.95  123.63  136.80  151.74  168.76  188.27  210.73  236.75  267.18  303.15  346.23  398.84  464.81  550.82  670.61    0.00
year027	    0.00    0.00    0.00    0.00    0.00    0.00    0.00    0.00    0.00    0.00    0.00    0.00    0.00    0.00    0.00    0.00    0.00    0.00    0.00    0.00    0.00    0.00    0.00    0.00    0.00    0.02    0.07    0.20    0.41    0.72    1.16    1.76    2.55    3.54    4.75    6.23    8.00   10.10   12.57   15.45   18.77   22.61   27.03   32.06   37.73   44.09   51.20   59.12   67.93   77.66   88.38  100.18  113.16  127.45  143.20  160.55  179.70  200.87  224.34  250.41  279.54  312.25  349.14  391.02  438.92  494.16  558.57  634.86  727.26  843.08  997.07    0.00
year028	    0.00    0.00    0.00    0.00    0.00    0.00    0.00    0.00    0.00    0.00    0.00    0.00    0.00    0.00    0.00    0.04    0.12    0.24    0.40    0.60    0.84    1.12    1.43    1.78    2.16    2.57    3.03    3.51    4.03    4.58    5.17    5.79    6.44    7.14    7.90    8.76    9.76   10.90   12.19   13.63   15.26   17.07   19.10   21.34   23.83   26.58   29.63   33.01   36.75   40.89   45.47   50.52   56.11   62.29   69.15   76.85   85.51   95.27  106.30  118.85  133.20  149.81  169.20  191.92  218.70  250.58  289.06  336.46  396.59  476.60  591.73    0.00
year029	    0.00    0.00    0.00    0.00    0.00    0.00    0.00    0.00    0.00    0.00    0.00    0.00    0.00    0.00    0.02    0.08    0.19    0.34    0.53    0.77    1.07    1.44    1.89    2.40    2.99    3.67    4.44    5.31    6.27    7.32    8.49    9.78   11.21   12.79   14.55   16.51   18.74   21.25   24.04   27.14   30.56   34.33   38.49   43.05   48.05   53.52   59.51   66.06   73.21   81.00   89.51   98.82  109.03  120.24  132.60  146.25  161.34  178.07  196.70  217.51  240.83  267.10  296.92  331.05  370.40  416.20  470.24  535.27  615.57  718.25  858.13    0.00
year030	    0.00    0.00    0.00    0.00    0.00    0.00    0.00    0.00    0.00    0.00    0.00    0.00    0.00    0.00    0.00    0.00    0.00    0.00    0.00    0.01    0.05    0.12    0.23    0.41    0.65    0.95    1.32    1.74    2.23    2.82    3.53    4.39    5.38    6.51    7.79    9.24   10.86   12.67   14.72   17.05   19.67   22.62   25.92   29.60   33.70   38.22   43.23   48.75   54.80   61.45   68.74   76.73   85.49   95.11  105.67  117.28  130.10  144.32  160.19  178.00  198.08  220.79  246.58  276.02  309.87  349.18  395.48  450.96  519.14  606.21  725.62    0.00
year031	    0.00    0.00    0.00    0.00    0.00    0.00    0.00    0.00    0.00    0.00    0.00    0.02    0.08    0.22    0.46    0.79    1.20    1.70    2.29    2.95    3.70    4.54    5.48    6.54    7.70    8.96   10.32   11.82   13.47   15.27   17.22   19.35   21.65   24.13   26.82   29.72   32.81   36.14   39.69   43.49   47.55   51.92   56.64   61.73   67.21   73.09   79.43   86.26   93.63  101.59  110.25  119.71  130.06  141.41  153.86  167.57  182.67  199.35  217.88  238.52  261.60  287.49  316.63  349.61  387.17  430.42  480.93  540.88  613.71  705.88  830.85    0.00
year032	    0.00    0.00    0.00    0.00    0.00    0.00    0.00    0.00    0.00    0.00    0.00    0.00    0.00    0.00    0.00    0.00    0.00    0.00    0.00    0.00    0.00    0.02    0.08    0.17    0.31    0.52    0.82    1.24    1.80    2.50    3.34    4.32    5.45    6.74    8.20    9.86   11.73   13.82   16.14   18.73   21.62   24.83   28.38   32.29   36.62   41.42   46.72   52.56   59.02   66.15   74.01   82.69   92.27  102.84  114.53  127.49  141.92  158.05  176.04  196.13  218.69  244.14  273.01  305.95  343.81  387.77  439.48  501.27  576.72  672.17  800.54    0.00
year033	    0.00    0.00    0.00    0.00    0.00    0.00    0.00    0.00    0.00    0.00    0.00    0.00    0.00    0.00    0.00    0.00    0.00    0.00    0.00    0.00    0.00    0.00    0.00    0.00    0.00    0.00    0.00    0.03    0.09    0.20    0.38    0.64    0.98    1.40    1.89    2.47    3.12    3.86    4.69    5.64    6.72    7.97    9.40   11.05   12.98   15.21   17.76   20.64   23.91   27.65   32.00   37.07   42.91   49.66   57.43   66.34   76.52   88.13  101.36  116.49  133.84  153.83  176.97  203.88  235.41  272.74  317.61  372.56  441.52  531.28  656.20    0.00
year034	    0.00    0.00    0.00    0.00    0.00    0.00    0.00    0.00    0.00    0.00    0.00    0.00    0.00    0.00    0.00    0.00    0.00    0.00    0.00    0.01    0.04    0.12    0.22    0.36    0.54    0.74    1.00    1.32    1.70    2.14    2.63    3.19    3.80    4.48    5.24    6.10    7.10    8.25    9.57   11.08   12.83   14.83   17.15   19.81   22.86   26.35   30.34   34.91   40.14   46.08   52.82   60.41   68.98   78.66   89.57  101.83  115.61  131.12  148.58  168.30  190.65  216.03  245.05  278.44  317.09  362.19  415.40  479.20  557.53  657.35  792.53    0.00
year035	    0.00    0.00    0.00    0.00    0.00    0.00    0.00    0.00    0.00    0.00    0.00    0.00    0.02    0.10    0.25    0.48    0.81    1.22    1.72    2.29    2.94    3.67    4.47    5.34    6.29    7.32    8.44    9.67   11.02   12.49   14.12   15.91   17.89   20.06   22.43   25.00   27.78   30.76   33.94   37.36   41.02   44.94   49.18   53.75   58.70   64.05   69.82   76.03   82.71   89.91   97.66  106.03  115.07  124.92  135.69  147.54  160.64  175.17  191.34  209.36  229.52  252.20  277.84  307.02  340.52  379.31  424.79  479.14  545.87  631.34  749.36    0.00
year036	    0.00    0.00    0.00    0.00    0.00    0.00    0.00    0.00    0.00    0.00    0.00    0.00    0.00    0.03    0.11    0.27    0.51    0.83    1.24    1.75    2.36    3.09    3.95    4.97    6.15    7.51    9.06   10.82   12.83   15.07   17.55   20.28   23.29   26.58   30.17   34.05   38.26   42.79   47.65   52.84   58.38   64.27   70.52   77.16   84.21   91.72   99.80  108.51  117.91  128.05  138.98  150.78  163.52  177.32  192.32  208.68  226.57  246.18  267.75  291.53  317.85  347.17  380.01  417.13  459.45  508.25  565.24  633.00  715.74  820.95  964.66    0.00
year037	    0.00    0.00    0.00    0.00    0.00    0.02    0.12    0.29    0.53    0.83    1.20    1.62    2.10    2.63    3.22    3.85    4.53    5.25    6.01    6.82    7.67    8.56    9.49   10.48   11.54   12.69   13.96   15.35   16.88   18.56   20.39   22.36   24.48   26.74   29.15   31.73   34.49   37.49   40.76   44.32   48.17   52.33   56.82   61.70   66.99   72.73   78.94   85.67   92.98  100.94  109.65  119.19  129.64  141.09  153.68  167.54  182.81  199.73  218.51  239.42  262.77  289.00  318.69  352.51  391.28  436.19  488.89  551.75  628.47  725.18  854.97    0.00
year038	    0.00    0.00    0.00    0.00    0.00    0.00    0.00    0.00    0.00    0.00    0.00    0.00    0.00    0.00    0.00    0.00    0.04    0.12    0.25    0.41    0.60    0.84    1.11    1.41    1.77    2.19    2.67    3.22    3.85    4.57    5.38    6.28    7.26    8.33    9.49   10.74   12.09   13.60   15.28   17.17   19.26   21.60   24.18   27.05   30.27   33.92   38.04   42.70   47.96   53.85   60.44   67.84   76.17   85.52   96.00  107.76  120.95  135.76  152.44  171.33  192.82  217.33  245.41  277.72  315.29  359.44  411.84  475.00  552.80  652.33  787.73    0.00
year039	    0.00    0.00    0.00    0.00    0.00    0.00    0.00    0.00    0.00    0.00    0.00    0.00    0.00    0.00    0.00    0.04    0.11    0.23    0.40    0.63    0.94    1.37    1.93    2.63    3.46    4.42    5.50    6.73    8.12    9.69   11.45   13.42   15.60   18.01   20.70   23.66   26.92   30.49   34.37   38.59   43.21   48.29   53.86   59.97   66.62   73.86   81.74   90.35   99.76  110.07  121.32  133.61  147.01  161.63  177.59  195.05  214.18  235.18  258.28  283.80  312.06  343.50  378.68  418.25  463.08  514.42  573.84  643.60  727.48  831.96  970.39    0.00
year040	    0.00    0.00    0.00    0.00    0.00    0.00    0.00    0.00    0.00    0.00    0.00    0.00    0.00    0.00    0.00    0.00    0.00    0.00    0.00    0.00    0.00    0.00    0.00    0.00    0.00    0.00    0.00    0.00    0.00    0.00    0.01    0.04    0.12    0.26    0.47    0.78    1.18    1.68    2.32    3.11    4.11    5.37    6.89    8.71   10.83   13.27   16.06   19.24   22.84   26.92   31.58   36.91   43.00   49.93   57.78   66.64   76.67   88.07  101.13  116.14  133.47  153.54  176.84  204.02  236.03  274.08  319.84  375.99  446.67  539.33  670.54    0.00
year041	    0.00    0.00    0.00    0.00    0.00    0.00    0.00    0.00    0.00    0.00    0.00    0.00    0.00    0.01    0.07    0.17    0.31    0.50    0.73    1.02    1.39    1.83    2.34    2.91    3.56    4.28    5.10    6.01    7.01    8.14    9.38   10.75   12.27   13.97   15.86   17.95   20.25   22.78   25.53   28.52   31.76   35.29   39.11   43.26   47.78   52.68   57.99   63.75   69.97   76.70   83.97   91.82  100.35  109.65  119.81  130.99  143.37  157.11  172.40  189.50  208.71  230.40  255.02  283.20  315.82  353.97  399.19  453.73  521.27  608.57  730.06    0.00
year042	    0.00    0.00    0.00    0.00    0.00    0.00    0.00    0.00    0.00    0.00    0.00    0.00    0.00    0.00    0.00    0.00    0.00    0.00    0.00    0.00    0.00    0.00    0.00    0.00    0.00    0.00    0.00    0.00    0.00    0.00    0.00    0.02    0.06    0.13    0.23    0.38    0.57    0.82    1.15    1.58    2.10    2.72    3.47    4.38    5.47    6.76    8.28   10.05   12.12   14.53   17.34   20.63   24.47   28.94   34.11   40.06   46.93   54.84   63.97   74.46   86.51  100.39  116.44  135.14  157.18  183.45  215.19  254.32  303.96  369.51  462.77    0.00
year043	    0.00    0.00    0.00    0.00    0.00    0.00    0.00    0.00    0.00    0.00    0.00    0.00    0.00    0.00    0.00    0.00    0.00    0.00    0.00    0.00    0.00    0.00    0.00    0.00    0.02    0.09    0.21    0.40    0.64    0.96    1.37    1.90    2.57    3.39    4.36    5.52    6.85    8.38   10.12   12.10   14.34   16.88   19.72   22.90   26.43   30.35   34.71   39.54   44.89   50.79   57.30   64.50   72.46   81.29   91.10  102.01  114.16  127.70  142.83  159.74  178.76  200.24  224.63  252.54  284.71  322.18  366.53  420.01  486.13  571.01  687.46    0.00
year044	    0.00    0.00    0.00    0.00    0.00    0.00    0.00    0.00    0.00    0.00    0.00    0.00    0.00    0.00    0.00    0.00    0.00    0.00    0.00    0.02    0.08    0.17    0.30    0.47    0.70    1.00    1.36    1.82    2.38    3.07    3.86    4.77    5.82    7.03    8.41    9.98   11.76   13.77   16.05   18.63   21.53   24.82   28.55   32.77   37.55   42.93   48.95   55.65   63.11   71.41   80.63   90.85  102.18  114.74  128.68  144.18  161.42  180.63  202.12  226.19  253.28  283.88  318.60  358.22  403.78  456.74  519.18  594.04  685.82  802.23  959.09    0.00
year045	    0.00    0.00    0.00    0.00    0.00    0.00    0.00    0.00    0.00    0.00    0.00    0.00    0.00    0.00    0.03    0.10    0.22    0.38    0.58    0.82    1.10    1.44    1.85    2.33    2.88    3.49    4.16    4.91    5.71    6.58    7.52    8.52    9.58   10.71   11.92   13.22   14.61   16.09   17.67   19.34   21.16   23.16   25.36   27.81   30.56   33.64   37.08   40.94   45.29   50.14   55.58   61.65   68.41   75.96   84.46   94.05  104.89  117.16  131.07  146.89  164.97  185.68  209.55  237.26  269.69  308.07  354.02  410.05  480.15  571.58  699.50    0.00
year046	    0.00    0.00    0.00    0.00    0.00    0.00    0.00    0.02    0.13    0.36    0.73    1.25    1.94    2.78    3.77    4.91    6.18    7.58    9.12   10.77   12.55   14.45   16.46   18.58   20.82   23.17   25.62   28.19   30.86   33.65   36.57   39.62   42.80   46.12   49.56   53.14   56.85   60.71   64.74   68.95   73.34   77.95   82.76   87.79   93.05   98.55  104.34  110.45  116.93  123.82  131.17  139.12  147.74  157.14  167.42  178.75  191.28  205.20  220.72  238.08  257.62  279.77  305.04  334.04  367.65  407.02  453.84  510.76  581.95  675.02  806.15    0.00
year047	    0.00    0.23    0.52    0.90    1.37    1.93    2.56    3.27    4.05    4.89    5.79    6.75    7.76    8.83    9.95   11.11   12.32   13.57   14.87   16.20   17.58   18.99   20.44   21.93   23.45   25.01   26.60   28.23   29.89   31.58   33.30   35.05   36.84   38.67   40.58   42.56   44.65   46.84   49.16   51.63   54.28   57.09   60.10   63.32   66.76   70.47   74.44   78.70   83.28   88.25   93.63   99.47  105.81  112.71  120.24  128.50  137.62  147.74  159.02  171.63  185.75  201.69  219.81  240.62  264.77  293.12  326.85  367.60  418.16  484.04  576.96    0.00
year048	    0.00    0.00    0.00    0.00    0.00    0.00    0.00    0.00    0.00    0.00    0.00    0.00    0.00    0.00    0.00    0.00    0.00    0.00    0.00    0.00    0.00    0.00    0.00    0.00    0.00    0.00    0.00    0.00    0.00    0.00    0.00    0.00    0.03    0.09    0.20    0.39    0.70    1.11    1.67    2.40    3.33    4.48    5.88    7.58    9.59   11.93   14.64   17.78   21.39   25.53   30.25   35.62   41.70   48.59   56.41   65.28   75.37   86.82   99.81  114.57  131.40  150.73  173.12  199.24  229.98  266.49  310.37  363.89  430.91  518.33  640.13    0.00
year049	    0.00    0.00    0.00    0.00    0.00    0.00    0.00    0.00    0.00    0.00    0.00    0.00    0.00    0.00    0.00    0.00    0.00    0.00    0.00    0.00    0.00    0.00    0.00    0.03    0.11    0.24    0.43    0.70    1.05    1.49    2.04    2.70    3.51    4.50    5.67    7.03    8.57   10.30   12.23   14.36   16.72   19.31   22.19   25.37   28.89   32.76   36.99   41.61   46.63   52.10   58.05   64.55   71.70   79.62   88.41   98.17  109.03  121.11  134.52  149.49  166.35  185.50  207.39  232.60  261.88  296.25  337.17  386.72  448.18  527.50  637.75    0.00
year050	    0.00    0.00    0.00    0.00    0.00    0.00    0.00    0.00    0.00    0.00    0.00    0.00    0.00    0.00    0.00    0.00    0.00    0.00    0.00    0.04    0.11    0.22    0.36    0.53    0.74    0.98    1.25    1.55    1.89    2.28    2.74    3.29    3.94    4.72    5.64    6.72    7.96    9.36   10.91   12.67   14.63   16.81   19.23   21.91   24.87   28.14   31.76   35.74   40.10   44.86   50.04   55.71   61.91   68.71   76.17   84.41   93.58  103.83  115.30  128.21  142.77  159.24  177.91  199.25  223.86  252.64  286.79  328.12  379.38  446.05  540.17    0.00
